id,Status_C,Status_CL,Status_D
7905,0.084751,0.002962,0.912287
7906,0.820078,0.025638,0.154284
7907,0.009323,0.012178,0.978499
7908,0.734174,0.030463,0.235363
7909,0.682978,0.021467,0.295555
7910,0.964201,0.001734,0.034066
7911,0.925308,0.02742,0.047272
7912,0.623452,0.052063,0.324484
7913,0.015697,0.0,0.984303
7914,0.572051,0.069317,0.358632
7915,0.035199,0.006551,0.95825
7916,0.78824,0.028782,0.182978
7917,0.627659,0.000519,0.371822
7918,0.675315,0.025903,0.298782
7919,0.633457,0.002397,0.364145
7920,0.815874,0.012128,0.171998
7921,0.889846,0.001037,0.109116
7922,0.009219,9.5e-05,0.990685
7923,0.954023,0.008346,0.037632
7924,0.830624,0.018512,0.150865
7925,0.092769,2.5e-05,0.907206
7926,0.004106,0.160294,0.835601
7927,0.723727,0.034154,0.242119
7928,0.489334,0.000616,0.51005
7929,0.278641,0.018591,0.702768
7930,0.656645,0.097809,0.245546
7931,0.619477,0.003082,0.377442
7932,0.709352,0.022009,0.268639
7933,0.112265,0.020001,0.867733
7934,0.861933,0.013329,0.124738
7935,0.973141,0.004362,0.022497
7936,0.950805,0.011291,0.037905
7937,0.127192,0.000774,0.872035
7938,0.87563,0.006,0.11837
7939,0.976568,0.005636,0.017796
7940,0.984626,0.001364,0.01401
7941,0.071313,5e-06,0.928682
7942,0.97366,0.000876,0.025464
7943,0.0,0.0,1.0
7944,0.82813,0.008305,0.163564
7945,0.740455,0.027725,0.23182
7946,0.964612,0.011705,0.023683
7947,0.4924,0.021623,0.485976
7948,0.991634,0.001933,0.006433
7949,0.847313,0.074516,0.078172
7950,0.727061,0.011498,0.261441
7951,0.011217,0.000925,0.987858
7952,0.85472,0.008786,0.136494
7953,0.0,0.000221,0.999779
7954,0.683389,0.068728,0.247883
7955,0.324866,0.00511,0.670024
7956,0.004821,0.003631,0.991548
7957,0.990495,0.001488,0.008017
7958,0.375491,0.06137,0.563139
7959,0.969659,0.005068,0.025273
7960,0.729016,0.005439,0.265545
7961,0.953417,0.014686,0.031897
7962,0.917463,0.002883,0.079654
7963,0.667083,0.017747,0.31517
7964,0.589752,0.018922,0.391327
7965,0.529799,0.048241,0.42196
7966,0.025454,0.040656,0.933891
7967,0.967362,0.004885,0.027753
7968,0.6393,0.230522,0.130178
7969,0.888047,0.043852,0.068101
7970,0.367344,0.001815,0.630841
7971,0.93862,0.008532,0.052848
7972,0.996878,7.4e-05,0.003048
7973,0.834567,0.023143,0.14229
7974,0.983896,0.00023,0.015874
7975,0.796282,0.018785,0.184933
7976,0.004208,0.000899,0.994892
7977,0.701702,0.000166,0.298132
7978,0.188496,0.001817,0.809687
7979,0.996141,0.000609,0.00325
7980,0.91831,0.00173,0.079961
7981,0.741578,0.066883,0.19154
7982,0.954146,0.003672,0.042182
7983,0.931062,0.01224,0.056698
7984,0.787818,0.000247,0.211935
7985,0.88374,0.000147,0.116113
7986,0.420895,0.297705,0.281399
7987,0.941676,0.005823,0.052502
7988,0.420268,0.020915,0.558817
7989,0.872444,0.033132,0.094424
7990,0.000402,3.3e-05,0.999565
7991,0.034494,0.017333,0.948173
7992,0.939229,0.003726,0.057045
7993,0.11541,0.005709,0.87888
7994,0.926726,0.009995,0.063279
7995,0.943474,0.003594,0.052931
7996,0.002306,0.046359,0.951335
7997,0.598921,0.03086,0.370219
7998,0.0,0.0,1.0
7999,0.0,0.0,1.0
8000,0.695848,0.006825,0.297327
8001,0.994552,0.000241,0.005208
8002,0.927268,0.036408,0.036324
8003,0.925854,0.009398,0.064748
8004,0.525348,0.024497,0.450155
8005,0.874458,0.010717,0.114826
8006,0.972423,0.008021,0.019557
8007,0.345402,0.154823,0.499776
8008,0.930737,0.030245,0.039018
8009,0.229139,0.000753,0.770108
8010,0.863017,0.014272,0.122711
8011,0.415767,0.067583,0.51665
8012,0.759992,0.065228,0.17478
8013,0.453958,0.010106,0.535936
8014,0.77765,0.021727,0.200624
8015,0.94023,0.051161,0.008608
8016,0.876958,0.011907,0.111136
8017,0.307788,0.007607,0.684606
8018,0.357864,0.019358,0.622778
8019,0.988109,0.003601,0.00829
8020,0.961487,0.007369,0.031144
8021,2e-06,0.0,0.999997
8022,0.371246,0.087013,0.541741
8023,0.951258,0.01204,0.036702
8024,0.600964,0.013269,0.385768
8025,0.680407,0.264043,0.05555
8026,0.844065,0.055661,0.100274
8027,0.911398,0.000182,0.08842
8028,0.292003,0.024743,0.683255
8029,0.976577,0.001113,0.02231
8030,0.194827,0.098473,0.7067
8031,0.776684,0.063933,0.159382
8032,0.782238,0.018129,0.199633
8033,0.622038,0.001915,0.376047
8034,0.660629,0.007427,0.331944
8035,0.97444,0.004092,0.021469
8036,0.945831,0.037404,0.016765
8037,0.870291,0.004688,0.12502
8038,0.265569,0.000243,0.734188
8039,0.419199,0.01867,0.562131
8040,0.999775,7e-06,0.000218
8041,0.999253,0.000407,0.00034
8042,0.229629,0.001752,0.768618
8043,0.807147,0.013745,0.179108
8044,0.986323,0.000364,0.013313
8045,0.051159,0.028728,0.920113
8046,0.157215,0.337614,0.505171
8047,0.566572,0.012739,0.420689
8048,0.927082,0.00581,0.067108
8049,0.678647,0.011572,0.309781
8050,0.685215,0.008405,0.30638
8051,0.037397,0.010667,0.951936
8052,0.910487,0.001018,0.088495
8053,0.166799,0.008405,0.824795
8054,0.967378,0.005881,0.026741
8055,0.474064,0.04353,0.482406
8056,0.7482,0.016464,0.235337
8057,0.8735,0.037754,0.088747
8058,0.391369,0.000879,0.607752
8059,0.80363,0.010682,0.185688
8060,0.02418,0.003531,0.972289
8061,0.929327,0.000774,0.069899
8062,0.071403,4e-05,0.928557
8063,0.836843,0.020882,0.142275
8064,2.6e-05,0.001335,0.998639
8065,0.98357,0.004599,0.011831
8066,0.97467,0.000303,0.025027
8067,0.834838,0.000785,0.164377
8068,0.662133,0.006735,0.331132
8069,0.80869,0.022027,0.169283
8070,0.894568,0.003392,0.10204
8071,0.879988,0.009428,0.110584
8072,0.948354,0.007593,0.044053
8073,0.879964,0.005443,0.114593
8074,0.664668,0.037342,0.297989
8075,0.950358,0.033693,0.015949
8076,0.877613,0.011284,0.111103
8077,0.105045,0.009048,0.885907
8078,0.071749,0.042153,0.886097
8079,0.766462,0.004081,0.229457
8080,0.359139,0.068698,0.572162
8081,0.409039,0.058252,0.532708
8082,0.124597,0.345595,0.529808
8083,0.867789,0.044403,0.087808
8084,0.636807,0.037601,0.325592
8085,0.969385,0.004533,0.026082
8086,6.8e-05,0.006951,0.992981
8087,0.762947,0.026775,0.210277
8088,0.122294,0.07367,0.804036
8089,0.184355,0.080791,0.734855
8090,0.151856,0.368799,0.479346
8091,0.968529,0.021766,0.009705
8092,0.00053,0.000308,0.999162
8093,0.92854,0.00478,0.066681
8094,0.64202,0.001605,0.356375
8095,0.692449,0.067689,0.239861
8096,0.993183,0.001057,0.00576
8097,0.008154,0.00962,0.982226
8098,0.977909,0.009361,0.01273
8099,0.518498,0.013704,0.467798
8100,0.138005,6e-05,0.861935
8101,0.830961,0.018915,0.150124
8102,0.564954,8e-05,0.434966
8103,0.992657,0.005236,0.002107
8104,0.894507,0.010843,0.094651
8105,0.266538,2e-06,0.73346
8106,0.962263,0.003018,0.034719
8107,0.04292,0.045942,0.911138
8108,0.801099,0.01374,0.185161
8109,0.859848,0.002508,0.137644
8110,0.894611,0.007082,0.098307
8111,0.237854,0.001733,0.760413
8112,0.452101,0.01583,0.532069
8113,0.593196,0.235286,0.171518
8114,0.013566,0.002915,0.983519
8115,0.886099,0.005287,0.108614
8116,0.69068,0.054206,0.255114
8117,0.083588,0.000525,0.915888
8118,0.994312,0.004778,0.000909
8119,0.771176,0.010038,0.218785
8120,0.974422,0.013712,0.011866
8121,0.99877,0.0,0.00123
8122,0.858163,0.000736,0.141101
8123,0.891558,0.015051,0.09339
8124,0.279706,0.008954,0.71134
8125,0.435306,0.062225,0.50247
8126,0.946442,0.005735,0.047823
8127,0.989936,0.003868,0.006197
8128,0.405392,0.018716,0.575892
8129,0.980456,0.004322,0.015222
8130,0.615907,0.002841,0.381253
8131,0.318992,0.008016,0.672993
8132,0.996689,0.001464,0.001847
8133,0.655836,0.01334,0.330824
8134,0.924594,0.00188,0.073526
8135,0.27841,0.353774,0.367816
8136,0.000129,2.9e-05,0.999842
8137,0.948564,0.004688,0.046748
8138,0.123002,0.000931,0.876067
8139,0.182428,0.064676,0.752896
8140,0.992763,0.001525,0.005712
8141,0.66692,0.008448,0.324632
8142,0.287831,0.031844,0.680326
8143,0.849087,0.05685,0.094063
8144,0.005425,0.005057,0.989519
8145,0.924495,0.025246,0.050259
8146,0.986417,0.004431,0.009152
8147,0.248081,0.691236,0.060683
8148,0.364768,0.000818,0.634413
8149,0.526624,0.014496,0.45888
8150,0.82003,0.035296,0.144674
8151,0.946895,0.004745,0.04836
8152,0.898308,0.090639,0.011053
8153,0.951223,0.008976,0.039801
8154,0.375275,0.023837,0.600888
8155,0.069375,0.006138,0.924488
8156,0.769457,0.010539,0.220003
8157,0.508179,0.027397,0.464424
8158,0.953005,0.01076,0.036235
8159,0.766103,0.01202,0.221877
8160,0.618834,0.071941,0.309225
8161,0.738587,0.017151,0.244262
8162,0.90376,0.000622,0.095619
8163,0.840558,0.004399,0.155044
8164,0.839635,0.004169,0.156195
8165,0.049435,5.6e-05,0.950509
8166,0.922202,0.003202,0.074595
8167,0.975831,3.8e-05,0.024132
8168,0.502927,0.004661,0.492413
8169,0.377694,0.007825,0.614481
8170,0.97349,0.003212,0.023297
8171,6.1e-05,0.000694,0.999245
8172,0.440004,0.067298,0.492697
8173,0.868335,0.00906,0.122604
8174,0.976945,0.005475,0.01758
8175,0.863433,0.026407,0.11016
8176,0.896921,0.00085,0.102229
8177,0.020891,0.021321,0.957788
8178,0.316106,0.013955,0.669939
8179,0.828612,0.006796,0.164592
8180,0.914504,0.02732,0.058176
8181,0.778255,0.016449,0.205296
8182,0.796283,0.030763,0.172954
8183,0.994153,5e-06,0.005842
8184,0.883309,0.021332,0.095359
8185,0.997338,0.00021,0.002452
8186,0.161664,0.013394,0.824943
8187,0.319308,0.001765,0.678927
8188,0.9584,0.001794,0.039806
8189,0.084036,0.002176,0.913788
8190,0.253752,0.013874,0.732375
8191,0.906976,0.006977,0.086048
8192,0.632861,0.014925,0.352214
8193,0.767121,0.046562,0.186317
8194,0.739085,0.191935,0.06898
8195,0.377447,0.051123,0.57143
8196,0.925279,0.006148,0.068573
8197,0.131125,0.07267,0.796205
8198,0.994297,2e-06,0.005701
8199,0.889273,0.034518,0.076209
8200,0.82103,0.02055,0.15842
8201,0.47667,0.001885,0.521444
8202,0.466795,0.000786,0.532419
8203,0.821061,0.013469,0.165471
8204,0.826761,0.015976,0.157263
8205,0.870162,0.017346,0.112492
8206,0.010185,0.002425,0.98739
8207,0.819955,0.065126,0.114919
8208,0.663954,0.05672,0.279326
8209,0.954981,0.0003,0.044719
8210,0.839745,0.002621,0.157634
8211,0.472442,0.091394,0.436164
8212,0.828452,0.044737,0.126811
8213,0.948883,0.009859,0.041258
8214,0.012335,0.001292,0.986373
8215,0.896338,0.038249,0.065413
8216,0.332026,0.045768,0.622206
8217,0.98363,0.006119,0.01025
8218,0.270181,0.007565,0.722255
8219,0.766532,0.052012,0.181456
8220,0.72064,0.038377,0.240983
8221,0.817083,0.000158,0.18276
8222,0.895439,0.020461,0.0841
8223,0.987877,0.002551,0.009572
8224,0.92541,0.038567,0.036023
8225,0.068691,0.000814,0.930495
8226,0.0,3e-06,0.999997
8227,0.976964,0.007606,0.01543
8228,0.900995,0.03874,0.060265
8229,0.999359,0.0,0.000641
8230,0.436304,0.014843,0.548853
8231,0.76405,0.031712,0.204238
8232,0.000189,5.5e-05,0.999756
8233,0.002351,0.000298,0.997351
8234,0.947236,0.005194,0.047571
8235,0.584756,0.013898,0.401346
8236,0.31339,0.004818,0.681792
8237,0.871259,0.02245,0.106291
8238,0.277265,0.021069,0.701666
8239,0.299108,0.055367,0.645524
8240,0.989012,0.001872,0.009116
8241,0.001154,0.0,0.998846
8242,0.966042,0.001858,0.0321
8243,0.998157,3.6e-05,0.001807
8244,0.827203,0.047189,0.125608
8245,0.863284,0.007665,0.129051
8246,0.242229,0.00386,0.75391
8247,0.99753,0.000825,0.001645
8248,0.67626,0.017198,0.306541
8249,0.872152,0.006638,0.12121
8250,0.958255,0.001107,0.040638
8251,0.159587,0.008758,0.831655
8252,0.668634,0.159911,0.171455
8253,0.923393,0.026907,0.0497
8254,0.460361,0.009931,0.529708
8255,0.981379,0.004624,0.013997
8256,0.260191,0.003952,0.735856
8257,0.949589,0.009682,0.040729
8258,0.000144,0.0,0.999855
8259,0.00556,0.000938,0.993503
8260,0.572337,0.026114,0.401549
8261,0.69998,0.000899,0.299121
8262,0.998803,0.000324,0.000873
8263,0.899326,0.023497,0.077178
8264,0.93988,0.005937,0.054183
8265,0.827364,0.038338,0.134299
8266,2e-06,7e-06,0.99999
8267,0.905938,0.008266,0.085796
8268,0.991949,0.001599,0.006452
8269,0.894476,0.000726,0.104798
8270,0.49262,0.198863,0.308517
8271,0.687016,0.036527,0.276456
8272,0.867446,0.020991,0.111563
8273,0.92736,0.010398,0.062242
8274,0.939977,0.011535,0.048488
8275,0.002044,5.7e-05,0.997899
8276,0.16163,0.020758,0.817612
8277,0.849564,0.019174,0.131262
8278,0.954454,0.001968,0.043577
8279,0.951274,0.001821,0.046905
8280,0.970296,0.02338,0.006324
8281,0.988005,0.003721,0.008274
8282,0.991841,0.001901,0.006258
8283,0.957902,0.00164,0.040458
8284,0.854446,0.021424,0.124131
8285,0.611683,0.143181,0.245136
8286,0.927421,0.012933,0.059646
8287,0.476082,0.029962,0.493956
8288,0.907719,0.01417,0.078111
8289,0.194306,0.064343,0.741352
8290,0.006118,0.068526,0.925356
8291,0.009993,0.020008,0.969999
8292,0.972292,0.000573,0.027135
8293,0.967462,0.013037,0.019501
8294,0.950425,0.003858,0.045717
8295,0.979825,0.002829,0.017346
8296,0.970404,0.000148,0.029447
8297,0.423295,0.038562,0.538144
8298,0.943502,0.024615,0.031882
8299,0.885245,0.004409,0.110345
8300,0.911446,0.013849,0.074705
8301,0.425505,0.013621,0.560874
8302,0.000482,0.000544,0.998975
8303,0.584238,0.003558,0.412204
8304,0.358947,0.009426,0.631627
8305,0.623888,0.011387,0.364725
8306,0.801046,0.032367,0.166586
8307,0.143942,0.70783,0.148229
8308,0.250883,0.004258,0.744859
8309,0.049472,0.160263,0.790266
8310,0.890197,0.011497,0.098307
8311,0.871521,0.0195,0.108979
8312,0.734594,0.004434,0.260972
8313,0.875509,0.021653,0.102838
8314,0.852407,0.005347,0.142246
8315,0.488991,0.015692,0.495316
8316,0.789264,0.009713,0.201022
8317,0.826685,0.024217,0.149098
8318,0.995214,0.003212,0.001574
8319,0.00014,0.000286,0.999573
8320,0.956348,0.014597,0.029055
8321,0.898562,1.1e-05,0.101428
8322,0.252099,0.01755,0.730351
8323,0.0,0.000316,0.999684
8324,0.229309,0.020788,0.749903
8325,0.924807,0.006049,0.069144
8326,0.837429,0.015056,0.147515
8327,0.7714,0.031381,0.197219
8328,0.185607,0.014899,0.799494
8329,0.766944,0.023324,0.209732
8330,0.879904,0.00487,0.115225
8331,0.896872,0.000201,0.102927
8332,0.227622,0.016637,0.75574
8333,0.531156,0.029158,0.439686
8334,0.008956,0.112538,0.878506
8335,0.904753,0.034384,0.060864
8336,0.234652,0.016728,0.748621
8337,0.24133,0.094236,0.664434
8338,0.946316,0.016043,0.037641
8339,0.707716,0.011319,0.280965
8340,0.737247,0.001244,0.26151
8341,0.974186,0.001295,0.024519
8342,0.686689,0.007495,0.305815
8343,0.952444,0.006279,0.041278
8344,0.055409,0.022103,0.922488
8345,0.855788,0.00829,0.135923
8346,0.017291,0.000937,0.981773
8347,0.724283,0.010968,0.264749
8348,0.006806,0.001387,0.991807
8349,0.985228,0.000977,0.013795
8350,0.973366,0.002654,0.02398
8351,0.942178,0.000194,0.057629
8352,0.935928,0.004445,0.059627
8353,0.000453,0.000257,0.99929
8354,0.012958,0.00158,0.985462
8355,0.573675,0.084292,0.342034
8356,0.980122,0.003978,0.0159
8357,0.354078,0.01578,0.630142
8358,0.496942,0.025287,0.477771
8359,0.979155,2.6e-05,0.020819
8360,0.974092,0.00402,0.021888
8361,0.429407,0.002751,0.567841
8362,0.938217,0.007738,0.054045
8363,0.825407,0.007965,0.166628
8364,0.834726,0.013886,0.151388
8365,0.598964,0.000464,0.400572
8366,0.952801,0.037751,0.009448
8367,0.736331,0.044865,0.218804
8368,0.518891,0.015621,0.465487
8369,0.079147,0.005037,0.915816
8370,0.967616,0.014661,0.017724
8371,0.939621,0.014198,0.046181
8372,0.000838,0.002494,0.996669
8373,0.670844,0.002507,0.326649
8374,0.898322,0.008676,0.093002
8375,0.268711,0.009175,0.722114
8376,0.002283,0.274718,0.722998
8377,0.87316,0.003412,0.123428
8378,0.900732,0.034511,0.064757
8379,0.962167,0.00164,0.036193
8380,0.909399,0.016205,0.074396
8381,0.973579,0.001188,0.025233
8382,0.803571,0.006732,0.189698
8383,0.936858,0.049873,0.013269
8384,0.886377,0.016048,0.097575
8385,0.633577,0.004085,0.362338
8386,0.932102,0.017891,0.050007
8387,0.776372,0.010854,0.212774
8388,0.956636,0.009985,0.033379
8389,0.406523,0.004011,0.589466
8390,0.14309,0.04464,0.81227
8391,0.334898,0.026669,0.638432
8392,0.937721,0.004754,0.057524
8393,0.998454,0.000234,0.001313
8394,0.988757,1e-06,0.011242
8395,0.864664,0.007776,0.127559
8396,0.466996,0.029217,0.503787
8397,0.882374,0.013212,0.104413
8398,0.954975,0.002032,0.042994
8399,0.963476,0.003581,0.032943
8400,0.0,2e-06,0.999998
8401,0.419678,0.051727,0.528594
8402,0.38937,0.014804,0.595826
8403,0.800185,0.016645,0.18317
8404,0.384242,0.001698,0.61406
8405,0.016103,0.003543,0.980354
8406,0.281678,0.006198,0.712124
8407,0.998114,0.000265,0.00162
8408,0.653084,0.009325,0.337592
8409,0.0,4e-06,0.999996
8410,0.226325,0.144487,0.629188
8411,0.995276,4.6e-05,0.004678
8412,1e-06,4.3e-05,0.999956
8413,9e-06,0.000175,0.999816
8414,0.946,0.011402,0.042597
8415,0.95827,0.01746,0.024271
8416,0.900126,0.011109,0.088766
8417,0.548399,0.010363,0.441238
8418,0.982891,0.002595,0.014515
8419,0.903686,0.009754,0.086561
8420,0.253912,0.007295,0.738793
8421,0.576214,0.013671,0.410115
8422,0.838425,0.022778,0.138797
8423,0.571459,0.096726,0.331814
8424,0.977187,0.009754,0.01306
8425,0.60578,0.000262,0.393958
8426,0.417467,0.093778,0.488755
8427,0.97164,0.008532,0.019828
8428,0.732016,0.062192,0.205792
8429,0.883447,0.004088,0.112465
8430,0.721592,0.015376,0.263032
8431,0.0,0.0,1.0
8432,0.994239,0.001994,0.003767
8433,0.916555,0.030885,0.05256
8434,0.430512,0.092569,0.476919
8435,0.910215,0.007787,0.081998
8436,0.788912,0.040823,0.170265
8437,0.459504,0.006838,0.533658
8438,0.52396,0.126563,0.349477
8439,0.998311,0.000241,0.001448
8440,0.74703,0.026027,0.226943
8441,0.8823,0.011377,0.106323
8442,0.918006,0.013877,0.068117
8443,0.914973,0.008798,0.07623
8444,0.96028,0.007315,0.032405
8445,0.945528,0.004785,0.049687
8446,0.516915,0.025133,0.457953
8447,0.974082,0.002966,0.022953
8448,0.625183,0.039027,0.33579
8449,0.788843,0.008407,0.20275
8450,0.171789,0.042481,0.78573
8451,0.039118,0.019817,0.941065
8452,0.897913,0.012607,0.08948
8453,0.850053,0.024738,0.125208
8454,0.652972,0.020438,0.326591
8455,0.917081,0.038081,0.044838
8456,0.954323,0.002935,0.042741
8457,0.304654,0.040151,0.655196
8458,0.907768,0.001131,0.091102
8459,0.771651,0.010419,0.21793
8460,0.641946,0.073399,0.284655
8461,0.6563,0.087339,0.256361
8462,0.647081,0.050747,0.302172
8463,0.401775,0.000333,0.597891
8464,0.651285,0.051989,0.296726
8465,0.337526,0.008827,0.653647
8466,0.643725,0.114253,0.242022
8467,0.953845,0.003297,0.042858
8468,0.295212,0.0054,0.699388
8469,0.514394,0.030073,0.455533
8470,0.985196,0.000856,0.013948
8471,0.902524,0.057977,0.0395
8472,0.726016,0.079798,0.194187
8473,0.901335,0.019526,0.079138
8474,0.924324,0.012429,0.063247
8475,0.670685,0.017598,0.311718
8476,0.965982,0.00534,0.028678
8477,0.823539,0.010537,0.165925
8478,0.84902,0.000734,0.150246
8479,0.909047,0.032082,0.058871
8480,0.974488,0.002682,0.02283
8481,0.964295,0.00485,0.030855
8482,0.073691,0.000733,0.925575
8483,0.9904,0.000255,0.009345
8484,0.587882,0.018613,0.393505
8485,0.927598,0.004597,0.067806
8486,0.96526,0.03003,0.00471
8487,0.716211,0.014496,0.269293
8488,0.662105,0.05614,0.281755
8489,0.039024,0.01482,0.946157
8490,0.234828,0.006342,0.758829
8491,0.898931,0.061588,0.039481
8492,0.948911,0.013281,0.037808
8493,0.708017,0.086519,0.205464
8494,0.547893,0.001795,0.450312
8495,0.457626,0.002642,0.539732
8496,0.79273,0.01626,0.191009
8497,0.907334,0.002027,0.090639
8498,0.580168,0.008876,0.410957
8499,0.578781,0.033482,0.387737
8500,0.609711,0.090434,0.299855
8501,0.027038,0.00014,0.972822
8502,0.06865,6e-06,0.931344
8503,0.75643,0.025996,0.217574
8504,0.64909,0.037509,0.313401
8505,0.844273,0.019881,0.135846
8506,0.811577,0.010925,0.177498
8507,0.607114,0.004154,0.388732
8508,0.734743,0.025483,0.239774
8509,0.849807,0.03118,0.119013
8510,0.994843,0.00015,0.005007
8511,0.996124,2e-06,0.003875
8512,0.300307,8.6e-05,0.699607
8513,0.989827,0.006585,0.003588
8514,0.063321,0.001037,0.935642
8515,0.504574,0.04376,0.451666
8516,0.886535,0.000145,0.113319
8517,0.726784,0.004908,0.268308
8518,0.931046,0.003395,0.065559
8519,0.02694,0.016861,0.956199
8520,0.913874,0.006932,0.079195
8521,0.884403,0.011997,0.1036
8522,0.64157,0.000921,0.357509
8523,0.307021,0.001038,0.691941
8524,0.981263,0.008116,0.010621
8525,0.431539,0.045671,0.52279
8526,0.935851,0.010859,0.05329
8527,0.239504,0.236828,0.523668
8528,0.000687,0.054735,0.944578
8529,0.664319,0.006666,0.329014
8530,0.893523,0.021016,0.085461
8531,0.558395,0.014983,0.426623
8532,0.854893,0.002995,0.142111
8533,0.921452,0.020935,0.057613
8534,0.958652,0.00177,0.039578
8535,0.865676,0.029946,0.104378
8536,0.537159,0.000152,0.462689
8537,0.098597,0.000223,0.901179
8538,0.521108,0.007103,0.471788
8539,0.916454,0.00755,0.075995
8540,0.923403,0.000912,0.075685
8541,0.012591,0.002656,0.984753
8542,0.991791,0.001267,0.006942
8543,0.977682,0.000893,0.021425
8544,0.18701,0.150609,0.662381
8545,0.0,0.0,1.0
8546,0.857821,0.028427,0.113752
8547,0.005123,0.012751,0.982126
8548,0.999899,1.3e-05,8.8e-05
8549,0.093399,0.003033,0.903568
8550,0.883708,0.011621,0.104671
8551,0.00011,3.1e-05,0.999859
8552,0.5219,0.043349,0.434752
8553,0.000105,0.001297,0.998598
8554,0.526241,0.004377,0.469382
8555,0.954526,0.011094,0.03438
8556,0.006894,0.000678,0.992428
8557,0.850336,0.009384,0.14028
8558,3.2e-05,0.025261,0.974707
8559,0.826,0.134612,0.039388
8560,0.966776,0.011343,0.021881
8561,0.912083,0.011548,0.076368
8562,0.892665,0.007834,0.099501
8563,0.714755,0.003102,0.282143
8564,0.711192,0.01293,0.275878
8565,0.449329,0.000655,0.550016
8566,0.657246,0.072824,0.26993
8567,0.338882,0.051201,0.609918
8568,0.47905,0.039565,0.481385
8569,0.669839,0.006318,0.323843
8570,0.6565,0.05094,0.29256
8571,0.269274,0.012435,0.718291
8572,1e-05,0.0,0.99999
8573,0.025986,0.008877,0.965137
8574,0.552466,0.018906,0.428628
8575,0.908096,0.014114,0.07779
8576,0.00082,0.0,0.99918
8577,0.764518,0.003639,0.231844
8578,0.943894,0.010895,0.045211
8579,0.926765,0.023388,0.049847
8580,0.797357,0.011854,0.190788
8581,0.003647,0.006046,0.990307
8582,0.792949,0.034592,0.17246
8583,0.983901,0.006345,0.009754
8584,0.021668,0.00012,0.978212
8585,0.84962,0.020172,0.130208
8586,0.84887,0.013856,0.137275
8587,0.501356,0.034842,0.463802
8588,0.058394,0.009308,0.932298
8589,0.906529,0.022206,0.071265
8590,0.610642,0.012701,0.376657
8591,0.041626,5.9e-05,0.958314
8592,0.0,3e-06,0.999997
8593,0.651676,0.227576,0.120748
8594,0.996738,4.1e-05,0.003221
8595,0.914986,0.002204,0.08281
8596,0.921719,0.012818,0.065463
8597,0.848222,0.019193,0.132585
8598,0.083136,0.01786,0.899004
8599,0.780345,0.005128,0.214527
8600,0.927691,0.003013,0.069296
8601,0.878716,0.015632,0.105651
8602,0.468065,0.005469,0.526466
8603,5e-05,0.00244,0.99751
8604,0.630879,0.152111,0.21701
8605,0.559798,0.005642,0.434561
8606,0.283746,0.019164,0.69709
8607,0.61551,0.034839,0.349652
8608,0.991666,0.00045,0.007884
8609,0.028971,0.013147,0.957882
8610,0.848509,0.016177,0.135314
8611,0.896293,0.005542,0.098166
8612,0.846222,0.029764,0.124015
8613,0.544789,0.05255,0.40266
8614,0.0,0.0,1.0
8615,0.752624,0.051492,0.195884
8616,0.969303,0.002309,0.028388
8617,0.945573,0.007231,0.047196
8618,0.996865,0.002494,0.000641
8619,0.23946,0.012635,0.747905
8620,0.931321,0.005315,0.063364
8621,0.570763,0.012832,0.416405
8622,0.0,2.6e-05,0.999974
8623,0.551223,0.106203,0.342574
8624,0.028213,0.03096,0.940827
8625,0.909964,0.025286,0.06475
8626,0.730806,0.03185,0.237344
8627,0.871469,0.018556,0.109976
8628,0.945758,0.00493,0.049313
8629,0.719967,0.02717,0.252863
8630,0.91449,0.007295,0.078215
8631,0.965502,8.7e-05,0.034411
8632,0.000827,0.063932,0.935241
8633,0.598479,0.000766,0.400755
8634,0.003927,0.000148,0.995926
8635,0.891049,0.054308,0.054644
8636,0.660821,0.079596,0.259582
8637,0.167103,0.109862,0.723034
8638,0.891318,0.004282,0.1044
8639,0.4614,0.092085,0.446515
8640,0.408964,0.031732,0.559304
8641,0.982995,0.010056,0.006949
8642,0.223476,0.022937,0.753587
8643,0.990039,0.00125,0.008711
8644,2e-06,1.2e-05,0.999986
8645,0.913597,0.004035,0.082368
8646,0.90128,0.005608,0.093112
8647,0.578923,0.005912,0.415165
8648,0.991422,0.003746,0.004832
8649,0.9969,0.002084,0.001016
8650,0.87578,0.046402,0.077818
8651,0.460897,0.00455,0.534553
8652,0.722772,0.046793,0.230435
8653,0.85558,0.015321,0.129099
8654,0.685237,0.007177,0.307586
8655,0.56308,0.001237,0.435683
8656,0.67348,0.047509,0.279012
8657,0.68582,0.116944,0.197236
8658,0.40595,0.04435,0.549699
8659,0.609983,0.163401,0.226616
8660,0.000204,0.028365,0.971431
8661,0.932339,0.006006,0.061656
8662,0.176278,0.036038,0.787684
8663,0.907527,0.001112,0.091361
8664,0.242947,0.057095,0.699957
8665,0.565036,0.034514,0.40045
8666,0.85023,0.033668,0.116102
8667,0.790909,0.009554,0.199538
8668,0.037113,0.000295,0.962591
8669,0.07052,0.000358,0.929122
8670,0.780284,0.020255,0.199461
8671,0.980244,0.003394,0.016362
8672,0.992179,0.000179,0.007642
8673,0.984284,0.003622,0.012094
8674,1e-06,0.000161,0.999838
8675,0.90393,0.027234,0.068836
8676,0.63046,0.017627,0.351913
8677,0.340406,0.093213,0.56638
8678,0.886652,0.059228,0.05412
8679,2e-06,0.000132,0.999866
8680,9e-06,0.0,0.99999
8681,5.4e-05,5e-06,0.999941
8682,0.667989,5.9e-05,0.331952
8683,3.5e-05,0.0,0.999965
8684,0.880243,0.03352,0.086237
8685,0.827925,0.008924,0.163151
8686,0.926604,0.012301,0.061095
8687,0.606985,1.5e-05,0.393
8688,0.950567,0.005597,0.043836
8689,0.93446,0.00012,0.065421
8690,0.284455,0.016555,0.69899
8691,0.00841,0.043088,0.948502
8692,0.943727,0.007393,0.048881
8693,0.853893,0.01273,0.133378
8694,0.811775,0.004608,0.183617
8695,0.905014,0.024485,0.070501
8696,0.853947,0.027745,0.118308
8697,0.856263,0.006132,0.137605
8698,0.504322,2.9e-05,0.495649
8699,0.777312,0.010853,0.211834
8700,0.774113,0.008062,0.217825
8701,0.1501,0.005312,0.844588
8702,0.833798,0.007641,0.158561
8703,0.802263,0.006511,0.191226
8704,0.685724,0.162214,0.152062
8705,0.3721,0.0398,0.5881
8706,0.96912,0.00209,0.02879
8707,0.956584,0.022611,0.020806
8708,0.978501,0.006308,0.01519
8709,0.850159,0.02506,0.124781
8710,0.104628,0.000787,0.894586
8711,0.314214,0.035536,0.650251
8712,0.304783,0.001861,0.693356
8713,0.981889,0.009763,0.008348
8714,0.02405,0.006585,0.969366
8715,0.67851,0.022213,0.299276
8716,0.965116,0.015206,0.019678
8717,0.55983,0.018575,0.421595
8718,0.977149,0.01831,0.004541
8719,0.999049,4.1e-05,0.000909
8720,0.970421,9e-06,0.02957
8721,0.671593,0.00516,0.323247
8722,0.450412,0.29167,0.257917
8723,0.061358,0.009234,0.929407
8724,0.539318,0.01202,0.448662
8725,0.900948,0.00382,0.095233
8726,0.931756,0.020766,0.047478
8727,0.9936,0.001517,0.004884
8728,0.864622,0.005028,0.130349
8729,0.961979,0.003017,0.035004
8730,0.941304,0.006349,0.052347
8731,0.987432,0.006568,0.006
8732,0.00057,1e-06,0.999429
8733,0.93164,0.004037,0.064323
8734,0.096088,0.079888,0.824023
8735,0.886192,0.005359,0.10845
8736,0.994147,0.004953,0.0009
8737,0.053037,0.001898,0.945064
8738,0.999902,7.7e-05,2.1e-05
8739,0.826375,0.006566,0.167059
8740,0.907725,0.009008,0.083267
8741,0.511203,0.003446,0.485351
8742,0.397326,0.043882,0.558792
8743,0.316977,0.018127,0.664896
8744,0.96552,0.00978,0.0247
8745,0.543386,0.006179,0.450436
8746,0.666791,9.7e-05,0.333112
8747,0.52041,0.036357,0.443234
8748,0.747795,0.015967,0.236238
8749,0.327567,0.001544,0.670889
8750,0.98835,0.004535,0.007115
8751,0.865284,0.035841,0.098875
8752,0.940061,0.004432,0.055507
8753,0.948612,0.01191,0.039478
8754,0.42972,0.011128,0.559151
8755,6e-06,0.0,0.999994
8756,0.989018,0.000746,0.010236
8757,0.098044,0.003799,0.898157
8758,0.962065,0.003594,0.03434
8759,0.067349,0.001668,0.930983
8760,0.802381,0.026575,0.171044
8761,0.927768,0.000108,0.072124
8762,0.425933,0.089637,0.48443
8763,0.865821,0.017177,0.117003
8764,0.943833,0.001909,0.054258
8765,0.779687,0.0135,0.206813
8766,0.998519,1.9e-05,0.001462
8767,0.832092,0.003611,0.164297
8768,0.653776,0.020484,0.32574
8769,1e-06,1e-06,0.999998
8770,0.828079,0.004235,0.167686
8771,0.34585,0.093821,0.560329
8772,0.946912,0.002113,0.050975
8773,0.926647,0.009181,0.064171
8774,0.831171,0.010201,0.158628
8775,0.285232,0.164738,0.55003
8776,0.950539,0.024389,0.025072
8777,0.804142,0.014644,0.181215
8778,0.412214,0.002454,0.585332
8779,0.520351,0.341927,0.137722
8780,0.540838,0.001848,0.457314
8781,0.991892,0.000136,0.007971
8782,0.131856,0.016126,0.852018
8783,0.926951,0.009469,0.06358
8784,0.991181,0.000155,0.008664
8785,0.004039,0.127966,0.867994
8786,0.0,1.6e-05,0.999984
8787,0.234645,0.026086,0.739269
8788,0.348336,0.000176,0.651488
8789,0.210907,0.447196,0.341898
8790,0.656929,0.032891,0.31018
8791,0.044495,0.000933,0.954571
8792,0.496378,0.008096,0.495526
8793,0.056694,0.025232,0.918074
8794,0.00777,6e-06,0.992224
8795,0.834015,0.031307,0.134679
8796,0.926544,0.000293,0.073162
8797,0.903425,0.044664,0.051911
8798,0.938084,0.005168,0.056749
8799,0.024081,0.975132,0.000788
8800,0.92602,0.006346,0.067634
8801,0.996375,0.003227,0.000398
8802,0.055197,0.071713,0.873089
8803,0.223,0.000296,0.776704
8804,0.575984,0.060005,0.364011
8805,0.91996,0.032136,0.047905
8806,0.979425,0.001059,0.019516
8807,0.069627,0.008986,0.921387
8808,0.343573,0.077045,0.579382
8809,0.544518,0.083226,0.372256
8810,0.86043,0.017187,0.122383
8811,0.110596,0.102946,0.786459
8812,0.817986,0.003921,0.178093
8813,0.912599,0.040641,0.04676
8814,0.947284,0.003678,0.049038
8815,0.943646,0.017219,0.039135
8816,0.905802,0.005296,0.088902
8817,0.750985,0.072378,0.176637
8818,0.597406,0.021697,0.380897
8819,0.88089,0.049907,0.069202
8820,0.857986,0.054462,0.087551
8821,0.107958,0.123116,0.768926
8822,0.682047,0.003952,0.314002
8823,0.65003,0.052354,0.297615
8824,0.0809,0.000609,0.918491
8825,0.992324,0.000784,0.006891
8826,0.867727,0.010923,0.121349
8827,0.95983,0.002419,0.03775
8828,0.885224,0.001692,0.113084
8829,0.928167,0.000172,0.071661
8830,0.18729,0.006528,0.806182
8831,0.299071,0.018526,0.682402
8832,0.059896,0.000377,0.939728
8833,0.368997,0.003023,0.62798
8834,0.653474,0.007784,0.338742
8835,0.51756,0.035524,0.446916
8836,0.294828,0.088162,0.617011
8837,0.424108,0.033547,0.542344
8838,0.613992,0.0658,0.320208
8839,0.903205,0.00323,0.093565
8840,0.946398,0.005724,0.047878
8841,0.414672,0.024772,0.560556
8842,0.99574,0.001955,0.002305
8843,0.968543,0.00143,0.030027
8844,1e-06,0.00151,0.998489
8845,0.1795,0.012647,0.807853
8846,0.025516,0.012221,0.962263
8847,0.032474,0.019021,0.948505
8848,0.711819,0.011349,0.276832
8849,0.821206,0.007121,0.171674
8850,0.0,0.0,1.0
8851,0.00012,0.001852,0.998028
8852,0.759449,0.017534,0.223018
8853,0.732282,0.015111,0.252608
8854,0.547721,0.021885,0.430394
8855,0.081287,0.074104,0.844609
8856,0.782601,0.026353,0.191046
8857,0.01726,0.001617,0.981123
8858,0.982892,0.002854,0.014254
8859,0.737982,0.010567,0.251452
8860,0.990012,0.000712,0.009276
8861,0.865891,0.044847,0.089262
8862,0.0,9.6e-05,0.999904
8863,0.982699,0.008297,0.009003
8864,0.61832,0.017525,0.364156
8865,0.205688,0.066362,0.727951
8866,6.6e-05,0.006587,0.993347
8867,0.513518,0.011581,0.474901
8868,0.349303,0.037308,0.613389
8869,0.976928,0.014811,0.008261
8870,0.529318,0.113583,0.357099
8871,0.852786,0.013516,0.133697
8872,0.9546,0.011607,0.033793
8873,0.952565,0.011511,0.035924
8874,0.979079,0.004309,0.016612
8875,0.548089,0.001781,0.450131
8876,0.758119,0.020445,0.221436
8877,0.919212,0.011781,0.069007
8878,0.673124,0.041121,0.285755
8879,0.98264,7.1e-05,0.017289
8880,0.47094,0.063317,0.465743
8881,0.936961,0.018073,0.044967
8882,0.792414,0.021877,0.185709
8883,0.444631,0.19064,0.364729
8884,0.953108,0.009547,0.037345
8885,0.624787,0.00013,0.375083
8886,0.00115,1e-05,0.99884
8887,0.640887,0.012179,0.346934
8888,0.830149,0.004067,0.165784
8889,0.451875,0.013407,0.534718
8890,0.821257,0.019577,0.159166
8891,0.811666,0.002937,0.185397
8892,0.273499,0.008827,0.717674
8893,0.069357,0.043814,0.886829
8894,0.803824,0.00534,0.190836
8895,0.999133,1.9e-05,0.000848
8896,0.701751,0.026321,0.271928
8897,0.78153,0.024358,0.194112
8898,0.839316,0.022402,0.138282
8899,0.668902,0.049939,0.281159
8900,0.935512,0.006004,0.058484
8901,0.854406,0.00151,0.144084
8902,0.998735,0.000626,0.00064
8903,0.759437,0.008767,0.231796
8904,0.654396,0.016243,0.329361
8905,0.969797,1.1e-05,0.030192
8906,0.171028,0.093773,0.735199
8907,0.911084,0.009405,0.07951
8908,0.826527,0.029594,0.143879
8909,0.926064,0.021874,0.052062
8910,0.981197,0.01358,0.005223
8911,0.917316,0.002408,0.080276
8912,0.506709,0.003315,0.489976
8913,0.15674,0.091324,0.751936
8914,0.893189,0.002302,0.104509
8915,0.000127,0.000196,0.999677
8916,0.899705,0.006568,0.093727
8917,0.961249,0.004816,0.033935
8918,0.141423,0.00153,0.857047
8919,0.833883,0.045208,0.120909
8920,0.462292,0.021361,0.516348
8921,0.963615,0.001149,0.035236
8922,0.458896,0.003814,0.53729
8923,0.604362,0.006789,0.38885
8924,0.939842,0.011947,0.048211
8925,0.891388,0.003371,0.105241
8926,0.785128,0.001441,0.213431
8927,0.914295,0.005476,0.080228
8928,0.888569,0.001131,0.1103
8929,0.764434,0.041245,0.194321
8930,0.400585,0.028353,0.571062
8931,0.86372,0.029081,0.107198
8932,0.499973,1.2e-05,0.500015
8933,0.875316,0.02201,0.102674
8934,0.975067,0.003741,0.021192
8935,0.519182,0.061698,0.41912
8936,0.217174,0.031949,0.750878
8937,0.893983,0.00742,0.098597
8938,0.036474,0.038048,0.925477
8939,0.273325,0.000527,0.726148
8940,0.776392,0.066835,0.156773
8941,0.895517,0.0172,0.087283
8942,0.405372,0.000923,0.593705
8943,0.905647,0.061837,0.032516
8944,0.89254,0.003529,0.10393
8945,0.624356,0.002151,0.373493
8946,0.908978,0.0028,0.088222
8947,0.971631,0.006975,0.021394
8948,0.972052,0.005132,0.022816
8949,0.34172,0.049728,0.608552
8950,0.56285,0.039941,0.397208
8951,0.430777,0.011233,0.55799
8952,0.76873,0.102725,0.128545
8953,0.963359,0.000487,0.036154
8954,0.841924,0.001654,0.156422
8955,0.57782,0.038289,0.383892
8956,0.778841,0.014381,0.206777
8957,0.987224,0.008317,0.00446
8958,0.786202,0.052591,0.161208
8959,0.467556,0.03155,0.500894
8960,0.021117,0.00277,0.976112
8961,0.150229,0.23523,0.614541
8962,0.348166,0.008411,0.643422
8963,0.237899,0.075476,0.686624
8964,0.900579,0.016778,0.082643
8965,0.916444,6.6e-05,0.08349
8966,0.465871,0.063403,0.470726
8967,0.56086,0.01188,0.42726
8968,0.30048,0.003843,0.695677
8969,0.708902,0.044347,0.246751
8970,0.846595,0.039432,0.113973
8971,0.797336,0.008301,0.194363
8972,0.997228,0.000334,0.002438
8973,0.87677,0.017602,0.105628
8974,0.242493,0.033925,0.723582
8975,0.124031,0.003758,0.872211
8976,0.846549,0.040865,0.112585
8977,0.682955,0.017342,0.299703
8978,0.987821,0.011627,0.000552
8979,0.728049,0.0279,0.244051
8980,0.337794,0.00043,0.661776
8981,0.296704,0.001013,0.702283
8982,0.809644,0.009592,0.180764
8983,0.881243,0.050904,0.067854
8984,0.152848,0.014001,0.833151
8985,0.416504,0.005909,0.577587
8986,0.0,0.001489,0.998511
8987,0.998648,7.2e-05,0.00128
8988,0.891189,0.003268,0.105543
8989,0.027103,0.101098,0.871799
8990,0.760994,0.058751,0.180255
8991,0.956459,0.009732,0.033809
8992,0.125289,0.044876,0.829836
8993,0.405134,0.003837,0.591029
8994,0.708935,0.014777,0.276288
8995,0.9182,0.00367,0.07813
8996,0.002138,0.000173,0.997689
8997,0.89328,0.054906,0.051814
8998,0.726248,0.003317,0.270435
8999,0.939765,0.003628,0.056607
9000,0.56764,0.012479,0.419881
9001,0.555292,0.007882,0.436826
9002,0.991161,0.003425,0.005413
9003,0.793626,0.036679,0.169695
9004,0.400486,0.013504,0.58601
9005,0.331814,0.021134,0.647051
9006,0.782271,0.035607,0.182122
9007,0.812125,0.008629,0.179246
9008,0.966427,0.010114,0.023459
9009,0.937866,0.003682,0.058452
9010,0.340556,0.0675,0.591944
9011,0.997926,0.000689,0.001386
9012,0.985659,0.009676,0.004665
9013,0.53706,0.005814,0.457126
9014,0.753449,0.003423,0.243128
9015,0.591633,0.021669,0.386698
9016,0.872214,0.015369,0.112417
9017,0.740274,0.005016,0.25471
9018,0.968054,0.014255,0.01769
9019,0.976761,0.00503,0.018209
9020,7.3e-05,1e-06,0.999927
9021,0.927254,0.020414,0.052332
9022,0.90159,0.012593,0.085817
9023,0.972972,0.008572,0.018456
9024,0.989026,0.003444,0.00753
9025,0.597767,0.06088,0.341353
9026,0.000272,0.001384,0.998344
9027,0.837578,0.031837,0.130586
9028,0.870128,0.020225,0.109647
9029,0.462183,0.08261,0.455207
9030,0.451101,0.014292,0.534607
9031,0.803088,0.027979,0.168933
9032,0.846929,0.028324,0.124747
9033,0.882207,0.003786,0.114007
9034,0.934569,0.001041,0.06439
9035,0.763244,0.004943,0.231812
9036,0.911505,0.051723,0.036772
9037,4.5e-05,0.000898,0.999057
9038,0.005947,0.002639,0.991414
9039,0.25789,0.065541,0.676569
9040,0.036739,0.000935,0.962326
9041,0.877977,2.5e-05,0.121998
9042,0.243115,0.159608,0.597277
9043,0.852647,0.010879,0.136474
9044,0.855313,0.036657,0.10803
9045,0.991089,0.000797,0.008114
9046,0.799769,0.051534,0.148697
9047,0.754908,0.028683,0.216408
9048,0.27479,0.020392,0.704818
9049,0.67215,0.010252,0.317598
9050,0.956924,0.001315,0.041762
9051,0.77791,0.016341,0.205749
9052,0.012975,0.204999,0.782026
9053,0.098885,0.548472,0.352644
9054,0.594628,0.005113,0.40026
9055,0.923233,0.007073,0.069694
9056,0.635453,0.015052,0.349495
9057,0.909562,0.008697,0.08174
9058,0.993969,0.004968,0.001064
9059,0.825041,0.003443,0.171516
9060,0.735384,0.004437,0.260178
9061,0.441832,0.14199,0.416178
9062,0.129263,0.09003,0.780708
9063,0.980887,0.007272,0.011841
9064,0.70084,0.042015,0.257145
9065,1.5e-05,0.002316,0.997669
9066,0.953369,0.000355,0.046276
9067,0.98863,0.00263,0.00874
9068,0.587787,0.01229,0.399922
9069,0.679655,0.083323,0.237022
9070,0.767247,0.034561,0.198192
9071,0.997083,6e-05,0.002857
9072,0.002064,0.000344,0.997592
9073,0.309961,3.1e-05,0.690008
9074,0.989199,0.00037,0.010431
9075,0.121206,0.006646,0.872148
9076,3e-06,0.0,0.999997
9077,0.024616,0.000456,0.974929
9078,0.803502,0.04464,0.151858
9079,0.946492,2.3e-05,0.053485
9080,0.740864,0.017595,0.241541
9081,0.756085,0.059703,0.184212
9082,0.518373,0.027776,0.453851
9083,3.3e-05,8e-06,0.999959
9084,0.101292,0.122252,0.776455
9085,0.988883,0.000145,0.010972
9086,0.80803,0.048761,0.143209
9087,0.257885,0.178916,0.563199
9088,0.949692,0.013975,0.036333
9089,0.987109,0.003491,0.009401
9090,0.716879,0.026532,0.256589
9091,0.939036,0.017413,0.043551
9092,0.382384,0.012521,0.605095
9093,0.795776,0.01388,0.190344
9094,0.966857,0.007533,0.02561
9095,0.182326,5.1e-05,0.817622
9096,0.718095,0.006937,0.274968
9097,0.960839,0.039103,5.8e-05
9098,0.286874,0.0,0.713126
9099,0.861296,0.133029,0.005674
9100,0.601676,0.037727,0.360597
9101,0.97701,0.00177,0.021221
9102,0.949777,0.004516,0.045708
9103,0.939985,0.005372,0.054643
9104,0.608141,0.038789,0.353069
9105,0.616272,0.03516,0.348568
9106,0.758538,0.017078,0.224384
9107,0.984034,0.012345,0.003621
9108,0.106356,0.065707,0.827937
9109,0.167089,0.003168,0.829743
9110,0.818208,0.001756,0.180036
9111,0.982459,0.006311,0.01123
9112,0.694479,0.014205,0.291316
9113,0.998661,0.000321,0.001019
9114,0.807206,0.010551,0.182243
9115,0.777119,0.027073,0.195808
9116,0.767008,0.017494,0.215498
9117,0.602242,0.140147,0.257611
9118,0.986305,0.001258,0.012437
9119,0.038209,0.008184,0.953608
9120,0.986435,0.002233,0.011332
9121,0.047586,5.7e-05,0.952356
9122,0.800476,0.058372,0.141153
9123,0.932012,0.014242,0.053745
9124,0.000201,2e-06,0.999797
9125,0.904596,0.027718,0.067687
9126,0.0,0.000146,0.999854
9127,0.942706,0.013459,0.043835
9128,0.033671,0.057958,0.908371
9129,0.980696,0.002385,0.016919
9130,0.83034,0.046991,0.122669
9131,0.353778,0.113686,0.532537
9132,0.608428,0.013542,0.37803
9133,0.658624,6e-06,0.34137
9134,0.928876,0.01908,0.052044
9135,0.932805,0.001612,0.065583
9136,0.507123,0.017731,0.475145
9137,0.72076,0.102672,0.176568
9138,0.984982,0.009931,0.005087
9139,0.631973,0.001584,0.366443
9140,0.770967,0.036633,0.1924
9141,0.59118,0.002106,0.406715
